FoamFile
{
    version     2.0;
    format      ascii;
    class       vectorField;
    location    "constant";
    object      kinematicCloudPositions;
}

1000
(
(3.34708869962e-05 3.53661930101e-05 4.55526608682e-05)
(0.000121485717747 3.6942066925e-05 3.57064912011e-05)
(0.000198333654032 3.26103310639e-05 4.29115643529e-05)
(0.000284114011729 3.39140679216e-05 4.87640360131e-05)
(0.000356794597818 3.06850567449e-05 3.80172917244e-05)
(0.00043994144189 4.343502693e-05 3.5572092354e-05)
(0.000515208107422 3.33182603828e-05 3.03818969014e-05)
(0.000581541487265 3.58609234201e-05 3.85122688927e-05)
(0.000662299293695 4.59428808706e-05 3.2749374581e-05)
(0.00073789659707 3.0595334409e-05 4.13391490496e-05)
(4.67687546632e-05 0.000119903862218 4.84059933143e-05)
(0.000122514240948 0.000125391885172 4.83498147044e-05)
(0.000197228912463 0.000127026478361 3.914376939e-05)
(0.000269955122603 0.000116727949705 4.27479999815e-05)
(0.000349665733271 0.000126301207674 3.4101187145e-05)
(0.000428355161616 0.000112638897784 3.61861881424e-05)
(0.000499758948363 0.000120475773312 3.46376014839e-05)
(0.000579595618579 0.000120226190173 3.23897363584e-05)
(0.000663104011867 0.000116497095957 3.18360386188e-05)
(0.000739771502253 0.000117205990379 3.87491378834e-05)
(3.40621497392e-05 0.000191959395858 3.45673276045e-05)
(0.000112675476409 0.000195884631959 3.31453956755e-05)
(0.000196157390496 0.000190872008801 4.6424139819e-05)
(0.000267970367857 0.000203925902599 3.24315567335e-05)
(0.00035856001158 0.000198605196959 3.30855409653e-05)
(0.000437257995966 0.000190935577771 3.04661928595e-05)
(0.00051275221223 0.000197033543776 4.21012936442e-05)
(0.000581848359234 0.000190912346363 4.31673231594e-05)
(0.000658366574542 0.000204199684968 3.77386774167e-05)
(0.000748259364971 0.000192288771161 3.24456177179e-05)
(2.88583485486e-05 0.000268604360504 4.70921643866e-05)
(0.000127771627662 0.000273516288714 3.66800955425e-05)
(0.000191501198387 0.000284629076595 2.98861042186e-05)
(0.000272815614986 0.00026772658836 3.37423533178e-05)
(0.000359184766515 0.000268471354201 4.03532199862e-05)
(0.000428930940841 0.000274904336085 3.5719714101e-05)
(0.000505644785883 0.000270125893236 3.04621564865e-05)
(0.000588364540434 0.000282874952649 4.87289925006e-05)
(0.000657232897986 0.000283604258822 3.12282124024e-05)
(0.000751003133269 0.000283154257128 3.22117721097e-05)
(3.56778629324e-05 0.00035066752968 3.60039636579e-05)
(0.000118094539585 0.00034284312841 3.7611164544e-05)
(0.000204254455577 0.000344505052215 3.8912677706e-05)
(0.000274352121681 0.000359239102737 4.90963401951e-05)
(0.00035763940908 0.0003484543498 4.28555514035e-05)
(0.000428518500144 0.000358932969485 4.29754751675e-05)
(0.000520371291334 0.00036102241399 2.96297593704e-05)
(0.000584305911099 0.000360930879316 4.13874698425e-05)
(0.00066394904743 0.000343830996615 4.48215862403e-05)
(0.000735184690706 0.000344620318814 4.97098206671e-05)
(4.51000971719e-05 0.00043955550094 3.87658691424e-05)
(0.000110731246934 0.000432470149322 3.76780066293e-05)
(0.0001891079123 0.000424668275122 3.41239928177e-05)
(0.000284141325823 0.000442067873132 4.3566709663e-05)
(0.000357979821376 0.000436677791024 3.96186980149e-05)
(0.000424913050603 0.000439754211356 4.73123735901e-05)
(0.000514691084846 0.000440936523568 4.94235610097e-05)
(0.000588823669202 0.0004372091857 4.17217296043e-05)
(0.000659087573801 0.000427849875836 3.00881199581e-05)
(0.00075394973462 0.000421620282104 4.00402916787e-05)
(3.24169885971e-05 0.000502768057104 3.2167573755e-05)
(0.000125739539583 0.000510132794312 3.58778859986e-05)
(0.00020683075226 0.000511224437915 3.50816032072e-05)
(0.000272008462799 0.00051440139848 3.12011260223e-05)
(0.000358722998083 0.000518383954427 3.87229046135e-05)
(0.000430421173222 0.000502685817619 3.7612522167e-05)
(0.000515854205862 0.000508426875862 4.17919368803e-05)
(0.000579080406104 0.000504309579297 3.29726495999e-05)
(0.000677448472395 0.000500596734747 3.32161755354e-05)
(0.000735818006764 0.00051320744966 4.249644709e-05)
(3.59758282244e-05 0.000578923034152 3.78725463666e-05)
(0.000110783810393 0.000587196920172 3.65542133043e-05)
(0.000190338424902 0.000595991079829 4.33324759753e-05)
(0.000274127824868 0.000586623830211 3.09636003963e-05)
(0.000355433902104 0.00058883800056 4.78420516923e-05)
(0.000441688545728 0.000595311872194 4.70221272787e-05)
(0.00051016076325 0.000586074813857 3.88046971568e-05)
(0.000589412186382 0.00059548358356 3.18530798269e-05)
(0.000669381345779 0.00059735495345 3.33676248694e-05)
(0.000741253761673 0.000596003238451 4.24688400068e-05)
(4.9115529454e-05 0.000670261464771 4.87736106578e-05)
(0.000124677551525 0.000670952087941 3.26792903316e-05)
(0.00019017833589 0.000674944414744 3.57300177441e-05)
(0.000278701506411 0.000665880288361 3.83883969602e-05)
(0.000342876637973 0.000674081624218 3.5253671394e-05)
(0.00042829804349 0.000658170102297 4.18914708864e-05)
(0.000516155184529 0.000667484019554 3.87775609719e-05)
(0.000594517310528 0.000658702544127 4.01172641716e-05)
(0.000672525089115 0.000664416391883 4.72220854457e-05)
(0.000744834697689 0.000659108924078 4.93576902029e-05)
(3.83153160336e-05 0.000751107865581 3.03110766971e-05)
(0.000124295873205 0.000738374146865 3.13009484615e-05)
(0.000191511567431 0.000744154173164 3.89381299513e-05)
(0.000273230160122 0.000735884565268 4.1306577564e-05)
(0.000358378326824 0.000755897188482 4.03979201005e-05)
(0.000440903452261 0.000755329421676 3.31542194022e-05)
(0.000501059422377 0.000738748483912 4.44307663767e-05)
(0.000583683740119 0.000737531390786 4.86475992241e-05)
(0.000671141177168 0.000755461119354 3.56364596759e-05)
(0.000739227414391 0.000738051737948 4.86473902741e-05)
(3.2131981233e-05 4.56583538281e-05 0.000111639123088)
(0.000125442075395 2.98537176657e-05 0.000115236642005)
(0.00019417142744 4.93439516586e-05 0.000126179830791)
(0.000272300956595 3.76536526513e-05 0.000122310007043)
(0.000356219724221 4.76040624075e-05 0.000121717572028)
(0.000432074535113 4.77425026791e-05 0.000114167881752)
(0.000507440528281 3.61011114572e-05 0.000117527704726)
(0.000578888590197 3.82518586811e-05 0.000113863209374)
(0.000661806806937 3.38967140182e-05 0.00012405644807)
(0.000743325102626 4.94393660474e-05 0.000115900775492)
(4.34404076009e-05 0.000113624873946 0.000124670080605)
(0.000111668517177 0.000112985089817 0.000113352426418)
(0.000188394203102 0.000123061372083 0.000116298476322)
(0.000266821908694 0.000118517548791 0.000117502489487)
(0.000353361286997 0.00012225392927 0.000108562638099)
(0.000431579211183 0.00010824625671 0.000127840768505)
(0.000513639064429 0.00011073838184 0.000126642646888)
(0.000581861391141 0.0001146680106 0.000108159007898)
(0.000664521450218 0.000122654712937 0.000109735538302)
(0.000751620687948 0.000116204507105 0.000124157840109)
(3.23388910862e-05 0.00020477773918 0.000122566824628)
(0.000108174548424 0.000195810170809 0.000108541430939)
(0.000200965034517 0.00019335183032 0.000123560689883)
(0.00028285781448 0.000189390554001 0.000124328407066)
(0.000350828739035 0.000193754924071 0.000121020896921)
(0.000441799117911 0.00020011783039 0.000111837967652)
(0.000499661764055 0.000188013490992 0.00011339842987)
(0.00057961348012 0.000187057885456 0.000127210223618)
(0.000659867164133 0.000192730018362 0.000127623205772)
(0.000746464214647 0.00020033393377 0.000113248111751)
(4.27696443327e-05 0.000267608476249 0.00011448786252)
(0.000126368133548 0.000279615357012 0.000116949321923)
(0.000195357471557 0.000279885327556 0.000115584974827)
(0.000273319352056 0.000276185123157 0.000119016379987)
(0.000352411480161 0.000276964788442 0.000110328900158)
(0.000436813626156 0.000267597838285 0.000124290650806)
(0.000511790978837 0.000283987204111 0.000115998363721)
(0.000592106657199 0.000265709485831 0.000113583704959)
(0.000660090570432 0.000278321105813 0.000109719103101)
(0.000745717973668 0.000269507886447 0.000110709780493)
(4.58913914209e-05 0.000347820316674 0.000108845393715)
(0.000115469880043 0.000347118659106 0.00012228612813)
(0.000198765815117 0.00036276529992 0.000125196699689)
(0.00027064037653 0.000360901006997 0.000112514609891)
(0.00036074139233 0.000345725803427 0.000126834730821)
(0.000433115955644 0.000352348371333 0.000115692944151)
(0.00050765302291 0.000345985024699 0.000120530889722)
(0.000585694853406 0.000361313323877 0.000109773616398)
(0.000666571364853 0.000355059097833 0.000122603079251)
(0.000749039874772 0.000351692850075 0.000122657472636)
(4.37008358465e-05 0.000429240030056 0.000116224269313)
(0.000114666238526 0.00043763230018 0.00011018296492)
(0.000202937413814 0.000433617808748 0.000115018947011)
(0.000284126916868 0.000441453319588 0.000127682086469)
(0.000344791112848 0.000431549950813 0.0001266697472)
(0.000421340423617 0.000427510186037 0.000116891726478)
(0.00050554565747 0.000433265816358 0.000118517443517)
(0.000596043330023 0.000426229278766 0.000123177587209)
(0.000667112443235 0.000441611425977 0.00012534393848)
(0.000735588310356 0.000429621196887 0.00011255827857)
(3.89966296691e-05 0.000520767189716 0.000119429459063)
(0.000108615406228 0.000515493101287 0.000111409349792)
(0.00019546057568 0.000513131279113 0.000126499199283)
(0.000271385962503 0.000513748090735 0.000107901153339)
(0.000343975612043 0.000508669170621 0.000119653671835)
(0.000427158621418 0.000515393200264 0.000113953636206)
(0.00050537959743 0.000514402464137 0.000122171538969)
(0.000598842761683 0.000502466025828 0.000109194799135)
(0.000674281124665 0.000505507711443 0.000126359600073)
(0.000747267607435 0.000512405947211 0.000107252239713)
(4.06569559096e-05 0.000596602726349 0.000128216470111)
(0.000115219321352 0.00058171258811 0.00012630877806)
(0.000194435257437 0.000587738564148 0.00011709647701)
(0.000275755394557 0.000579437735082 0.000107475146139)
(0.000358910951321 0.000591561140037 0.000115506662165)
(0.000435025333679 0.000593260180917 0.000113322975159)
(0.000507960418574 0.00058339630864 0.000110079952436)
(0.000590695767089 0.000593787062844 0.000120035941248)
(0.000662065800215 0.000591747270569 0.000115864871223)
(0.000744616962847 0.000578428930675 0.000123664167695)
(4.76730308653e-05 0.000662833035238 0.000114822070981)
(0.000117569638958 0.000665083672029 0.000114982196218)
(0.000201463253584 0.000670504792606 0.000113952979579)
(0.000277602242054 0.000671139777473 0.000116479839692)
(0.000348179247919 0.000674941773623 0.00010727421892)
(0.000436398115139 0.000673798578833 0.000111623527551)
(0.000511733672047 0.000677467894085 0.000113544615954)
(0.000591191254947 0.000665421175705 0.000116499936755)
(0.000672606223533 0.000668206973684 0.000113033093238)
(0.000750866857376 0.000668505860439 0.000113679017968)
(4.1307336666e-05 0.000750884202802 0.000108509255117)
(0.000110658962637 0.000742626851179 0.000112435315001)
(0.000197656896366 0.0007361925942 0.000126601373569)
(0.000279739798105 0.000744045471225 0.000110372208299)
(0.000343982236746 0.000750819870224 0.000119159571089)
(0.000429949632318 0.000741806019224 0.000108300635356)
(0.000515727118656 0.000739620708639 0.000112826571162)
(0.000583088381233 0.000747156798221 0.000113306878738)
(0.000658957209944 0.000753650321541 0.00011082575357)
(0.000739730414161 0.000750846065255 0.000116884768002)
(4.84642381584e-05 4.76163807108e-05 0.000197539270888)
(0.000110626145075 3.51764752468e-05 0.000199720021708)
(0.000191952192323 3.95222263877e-05 0.000188244174197)
(0.000276045355676 4.86139021077e-05 0.000198845334542)
(0.000348736879684 3.1105661064e-05 0.000198329081638)
(0.000432843229085 4.46603634975e-05 0.000185691930515)
(0.000502874447209 4.16875262228e-05 0.000197829211209)
(0.000593042262316 4.75995435638e-05 0.000201930893765)
(0.000669595191964 4.97231804914e-05 0.000192790075671)
(0.000740257696914 3.43451004994e-05 0.000198968604299)
(3.11855287563e-05 0.000115797993089 0.000192950401276)
(0.00010967994743 0.000124723980184 0.000203326637484)
(0.000190980829649 0.00010904182019 0.000198946582504)
(0.000268476262921 0.000119519967191 0.000193933116305)
(0.000360894801882 0.00011376010815 0.000196669306511)
(0.000422892157467 0.000114877002468 0.000204789129286)
(0.000502733552076 0.000123109433505 0.000195197959216)
(0.00059011347862 0.000126111759184 0.00020475455516)
(0.000665890205194 0.000128216023886 0.000191681292952)
(0.00073987586135 0.000120213184175 0.00019816628231)
(3.96884388785e-05 0.000192160741043 0.000194837756465)
(0.000118734436056 0.000186216008875 0.00018702940964)
(0.000186470676072 0.000203434120939 0.000198791386387)
(0.000270792605256 0.00019782847311 0.000204246308034)
(0.000344763668791 0.000189813157592 0.000192643118932)
(0.000430863672124 0.000193241244912 0.000203635330881)
(0.000511214668071 0.000187272410113 0.00019122707174)
(0.000588902530661 0.00020173883375 0.000198978423209)
(0.000677766016121 0.000192487837921 0.000198791573999)
(0.000755483388174 0.00019513917096 0.000189066326179)
(3.35226478984e-05 0.000272690184383 0.000188295975422)
(0.00011722334075 0.000284712037867 0.000204266352944)
(0.000198289518047 0.000284011821225 0.000198975115849)
(0.000265862723839 0.000278024682689 0.000198123084236)
(0.000356335326711 0.000269650835653 0.000201182952566)
(0.000432463961896 0.000284648511929 0.000188374888381)
(0.000510790200061 0.000282228924472 0.000189195688573)
(0.000594513776421 0.000283960579604 0.0002012933021)
(0.000670498532622 0.000268737967901 0.000205328733802)
(0.000736897685049 0.000271904318342 0.000186833946126)
(3.85548264532e-05 0.00035827003109 0.000196289950931)
(0.000112111679224 0.000356024700686 0.000201303688614)
(0.000191028475551 0.000349609858331 0.000190026007879)
(0.000273761060874 0.000343900296379 0.000194485655342)
(0.000344443445975 0.000348175082856 0.00020665838244)
(0.000422622137866 0.000348907009442 0.000193715859912)
(0.000517256780997 0.000345058612167 0.000205317403457)
(0.000593450308202 0.000361698436355 0.000203024702065)
(0.000669108812116 0.000343776391514 0.000204802384188)
(0.000747516116145 0.000346244313634 0.00020584985917)
(3.2126048647e-05 0.000425296576729 0.000198483638718)
(0.000122789556751 0.000423950869275 0.000194004843541)
(0.000195162499253 0.000430853454733 0.000195805730426)
(0.000273730279087 0.000421523380493 0.000205464816686)
(0.000354891664861 0.000436117796334 0.000199700572173)
(0.000441431566111 0.000432888011265 0.000193126672364)
(0.00051560889324 0.00042500982879 0.000198249005511)
(0.000593809810627 0.00043321944933 0.000203479772521)
(0.000659691819751 0.00043841580612 0.000205630718115)
(0.000753162400914 0.000429219224038 0.000188896084643)
(4.12934328213e-05 0.000505160682025 0.000200516935538)
(0.000113842398371 0.000514898005855 0.000193926179908)
(0.000195732636896 0.000518955838236 0.000194090167345)
(0.000265269083169 0.000520040682119 0.000189151199187)
(0.000348836787949 0.000515868498692 0.000185663361115)
(0.000437218282502 0.000510080970607 0.000199841302266)
(0.000506779523024 0.000506079084929 0.000205898965896)
(0.000597109404968 0.000513194443768 0.000193043473368)
(0.000658771368916 0.000501057186028 0.000191453796159)
(0.000750728610301 0.000505128738516 0.000191124228355)
(3.98341583255e-05 0.000594455702997 0.000206456109957)
(0.000127506410041 0.00059023220785 0.000199342341525)
(0.000192722897179 0.000581311372827 0.00019898686148)
(0.000267408446148 0.000597018128602 0.000188780264834)
(0.00035680994672 0.000579296359164 0.000200218486978)
(0.000425338526709 0.000592039036979 0.000203451236284)
(0.000500199384759 0.000585500081553 0.00018842051904)
(0.00058386883755 0.000585563085315 0.000206233602065)
(0.000664376234661 0.000592787434493 0.000191390466668)
(0.000740396455985 0.000586476570105 0.000198688585475)
(4.11485579628e-05 0.00066513023868 0.000189514233453)
(0.000124803978657 0.000668484844464 0.000198235608712)
(0.00020109926331 0.000661136318987 0.000205809823406)
(0.000280924850733 0.000673513602788 0.000201504476727)
(0.00034699646212 0.000670468890529 0.000190813448509)
(0.000432368350336 0.000675540293553 0.000196966752039)
(0.00050105598392 0.000672434466607 0.000206312038095)
(0.000594706120926 0.000670738364745 0.000187258597743)
(0.000662698518203 0.000657707446249 0.000194312241285)
(0.000748644227202 0.000674044301498 0.000193703280581)
(3.65442974622e-05 0.000739312666369 0.000186734917015)
(0.000121788362309 0.0007444135512 0.000197876316466)
(0.00020050705976 0.000743631980494 0.000203665065627)
(0.000274340496891 0.000746580793591 0.000202941377274)
(0.000348999056039 0.00075066336107 0.000191403800193)
(0.00043728831275 0.000748143737163 0.000205920724723)
(0.000509695432298 0.000750567218801 0.000187016175259)
(0.000593322562994 0.000746623610033 0.000190545002121)
(0.00067364095498 0.00073932974633 0.000196341939664)
(0.00074881463044 0.0007370342565 0.000197667827605)
(3.10739148996e-05 4.79817633698e-05 0.000268904326384)
(0.000119320009562 4.85402743789e-05 0.000273596853251)
(0.000185888159118 3.67404268889e-05 0.000276734387971)
(0.000275623980927 4.90580593454e-05 0.000266154059199)
(0.000345082866194 3.6714881323e-05 0.000273397014824)
(0.000438454327166 3.23445481598e-05 0.000264637883652)
(0.000514504350548 3.81135140159e-05 0.000265018730771)
(0.00059786277531 2.96146696255e-05 0.000274269726236)
(0.000664303148226 4.88816414934e-05 0.000273096334159)
(0.000739616263396 4.68903351068e-05 0.00027521430632)
(3.20320646208e-05 0.000110036206194 0.000276877687557)
(0.00010843896316 0.000114490497649 0.000278605037674)
(0.000200822832788 0.000121099599355 0.00026712796881)
(0.000264559872526 0.000120892410736 0.000272196246614)
(0.000354342151845 0.000109854840192 0.000267144295318)
(0.00042464742438 0.000122250020074 0.000268516141871)
(0.000504142696514 0.000124467382696 0.000272064915604)
(0.000595316969932 0.000117785670939 0.000276369881779)
(0.00066422518964 0.000117114758634 0.000272705594849)
(0.000746691487575 0.000126062563468 0.000277289021804)
(4.09638787051e-05 0.000198996618175 0.000264507480504)
(0.000112038554772 0.000194438461295 0.000284848648858)
(0.000201370107423 0.000204974287822 0.000275957516272)
(0.000282577684101 0.000195513496476 0.000283366408877)
(0.000363679102882 0.000199746323336 0.000274349597689)
(0.000436223407739 0.000205811584392 0.000273980246299)
(0.000514280922266 0.000186657163006 0.000276486608468)
(0.000584594815005 0.000201891414844 0.00027034156965)
(0.00066940368888 0.000196213367673 0.000285292178812)
(0.000753622973816 0.00018751494039 0.000283508174706)
(4.48952451123e-05 0.00026651386571 0.000279995780096)
(0.000126652200099 0.000270515007171 0.00027592875539)
(0.000188889491513 0.000271966635669 0.000274599021763)
(0.000273315593454 0.000268158451875 0.000284967139403)
(0.000343045734268 0.000267891530669 0.000270490681965)
(0.000426421524537 0.000265429528591 0.000272689489545)
(0.000504733182264 0.000271207588934 0.000266431111953)
(0.000596480471487 0.000280812656655 0.000264465593345)
(0.000657325354586 0.000278272615056 0.000269885304065)
(0.000742686828113 0.00027443493945 0.000284184010995)
(3.12025340347e-05 0.000350266454532 0.000280313276519)
(0.00011963594065 0.000350406568424 0.00027497703599)
(0.000186404331499 0.000350043801578 0.000278860558482)
(0.000264518232996 0.000352983153372 0.000267836533758)
(0.000346654526449 0.000349042775527 0.000268712765224)
(0.000423543860548 0.000348678996645 0.000280356976054)
(0.000512016190558 0.000359039279008 0.000281910370445)
(0.000593323481217 0.000346985308976 0.000272254641478)
(0.00066297374449 0.000358563789078 0.000277231510991)
(0.000748509635951 0.000361069457238 0.000269190333709)
(3.43906642603e-05 0.000435047833349 0.00028215249088)
(0.000107387899551 0.00044048541017 0.000269822962339)
(0.000192525680605 0.000434751844932 0.000283564507746)
(0.000265550627761 0.000431076803226 0.000281340644446)
(0.000353169391754 0.000433898866801 0.00027930568938)
(0.000434462651057 0.00042145607251 0.000282997987271)
(0.000504844152788 0.000430225414104 0.000282045117414)
(0.000585575002073 0.000430418000997 0.000277007346833)
(0.00066407815707 0.000427048519134 0.000275202887559)
(0.000738943016933 0.000429534965462 0.000268665358306)
(3.12708258224e-05 0.000520225069198 0.000281608355892)
(0.000127468790108 0.000508498239438 0.000269673849855)
(0.000204727210602 0.000505064787533 0.000273247951085)
(0.000277315206707 0.000504147127655 0.00027444596886)
(0.000359417735218 0.000512365743907 0.000271219875236)
(0.000424185500542 0.000509135341558 0.000274023412524)
(0.000505530403507 0.000507899052897 0.000272199457718)
(0.000580480394829 0.000518829897923 0.000281032232922)
(0.00066948545749 0.00050507772275 0.000275919652961)
(0.000742917124626 0.000504141713369 0.000270093030699)
(4.08993646759e-05 0.000584501375288 0.000277701010946)
(0.000125367750993 0.000593819011764 0.000282908589201)
(0.000204361882231 0.00059410469631 0.000274459778002)
(0.000268776810728 0.0005793114727 0.000272297130824)
(0.000345139079282 0.000580627763506 0.000270463823831)
(0.00042839069603 0.000598852444603 0.000267136029541)
(0.00051283903654 0.00057880139798 0.000282039337241)
(0.000580468347975 0.000586392493565 0.000274574041053)
(0.000673432658026 0.000588299493514 0.000269994387768)
(0.000752044852433 0.000582402553802 0.000284614199171)
(4.23887160553e-05 0.000657174596483 0.000284469168495)
(0.000125447196839 0.000660948573 0.000284940927257)
(0.000194561016303 0.000677376618029 0.000275081152659)
(0.000272766028151 0.000664509434823 0.000279901707294)
(0.000358964838758 0.000674007423928 0.000280490718121)
(0.000424269746137 0.000657751394609 0.000270537288072)
(0.000506660659419 0.000664872840119 0.000276220231465)
(0.00058395347763 0.000677332822806 0.000272156233744)
(0.000661233340342 0.000665122563435 0.000273647933374)
(0.000746787515351 0.000660631484814 0.000273625054224)
(4.8577754429e-05 0.000737941185555 0.00028112174)
(0.000112311774439 0.000742121706975 0.000283022003924)
(0.000195443806143 0.000754800748931 0.000264443082307)
(0.000275864734438 0.000736730934608 0.000274859424008)
(0.00035869596141 0.000738180072753 0.000268836511926)
(0.000438968285455 0.000751080589172 0.00027625092143)
(0.00051213472681 0.000739311826037 0.000275089328072)
(0.000597198142521 0.000744322175774 0.000265657648395)
(0.000676590797991 0.000751709535403 0.000265725881354)
(0.000744027045313 0.000738381918088 0.000282889164397)
(4.25243255038e-05 4.83578806691e-05 0.000352609068008)
(0.00012813914288 3.02658456056e-05 0.000347588119069)
(0.000202780729851 4.11742872062e-05 0.000362167245847)
(0.00027206817096 2.87012716564e-05 0.000352577608303)
(0.0003455812578 3.19921781761e-05 0.000347198116711)
(0.000425440883765 3.75900034834e-05 0.000354610624311)
(0.000517171950146 2.92542842528e-05 0.000343964543086)
(0.000585452975935 3.75735958754e-05 0.000344736343063)
(0.000672945351957 3.40471016182e-05 0.000363587418833)
(0.000748989142729 3.00859475989e-05 0.000361878891567)
(3.82240257812e-05 0.000124179764825 0.000357962808346)
(0.000113266258201 0.000117617848252 0.000343708188525)
(0.000186494841815 0.000114304144296 0.000362099615424)
(0.000279733153529 0.000123358896851 0.000351594504732)
(0.000362941417035 0.000119156476112 0.000355474484058)
(0.00044011120298 0.000112120370634 0.000347353415814)
(0.000511261786881 0.000118687299276 0.000356082854052)
(0.000580301874568 0.000113109688214 0.000348112702911)
(0.00066700729108 0.000119628542286 0.000351792793585)
(0.000753959948285 0.000115874165221 0.000354020705956)
(3.12335965039e-05 0.000196268081626 0.000362827356108)
(0.00012606954918 0.000185917940756 0.000363492598168)
(0.000197469764051 0.000202965568858 0.000347563304539)
(0.000265540865078 0.00020450312236 0.000353016147151)
(0.000348209766152 0.000191204889159 0.000350743884236)
(0.000425832122522 0.000190902960222 0.000355474724929)
(0.000519223170535 0.000199335137892 0.000353993966367)
(0.000581565154092 0.000185786007551 0.000360772554296)
(0.000674834296097 0.000204142004067 0.000346361291768)
(0.000735708943318 0.000195776702758 0.000352242712919)
(3.95103154921e-05 0.000279349954389 0.000360961011443)
(0.000117597701398 0.000280596527991 0.000342771520737)
(0.000190151009389 0.000269380237455 0.00035091013526)
(0.000282412134286 0.000267844037224 0.000360353908062)
(0.000346017586677 0.000267478935418 0.000350319670147)
(0.000431251239667 0.000282363212321 0.000355164352063)
(0.000505792671282 0.000267381969856 0.000354763759502)
(0.000594464394053 0.000273519625041 0.000347444689587)
(0.000663062801025 0.00027370417995 0.00036115930327)
(0.000754432542105 0.000266387713778 0.000344172068561)
(3.47028096311e-05 0.000342688476036 0.000353763846035)
(0.000127439339576 0.000358876883772 0.000349261277531)
(0.000186061887661 0.000356383120852 0.000358278090315)
(0.000282498407036 0.000360891902133 0.000358210576668)
(0.000354346672934 0.000350740261434 0.000349624066061)
(0.000437883843303 0.000355371576969 0.000362099161992)
(0.000515871050404 0.000347646364046 0.000345175344613)
(0.000578340131082 0.000344285319992 0.000350349919924)
(0.000676251696259 0.000349536019231 0.00034329792847)
(0.000753109342655 0.000352234655656 0.000353942065944)
(4.21980070352e-05 0.000423263486141 0.000353668320045)
(0.000113269499614 0.000426340048392 0.000343224497609)
(0.000195903615603 0.00042211566337 0.000344498884168)
(0.000276800014306 0.000434462760316 0.000360929045786)
(0.000362070367959 0.000431614638052 0.000360102601495)
(0.000424950066117 0.000432602123402 0.000362288435779)
(0.000501021102997 0.000437878964089 0.000346059435745)
(0.000579062354258 0.000432519829105 0.000361151650098)
(0.000663713382992 0.000425985898471 0.00034927705644)
(0.000739967576463 0.000432138158592 0.00034490269136)
(3.24304124143e-05 0.000516152867953 0.000347332600819)
(0.000121397120405 0.000509145154741 0.000344995006883)
(0.000193356496043 0.000504262952767 0.000358998077062)
(0.000283165283889 0.000514232915283 0.000353178976629)
(0.000363273106072 0.000503749841623 0.000344366286793)
(0.000425664409467 0.000509972273885 0.000358416335972)
(0.000501689151671 0.000519620296165 0.000353221515841)
(0.000595247151026 0.000514464999314 0.000344568299072)
(0.00067416125226 0.000506823625931 0.000354236483495)
(0.000748356997779 0.000506981399913 0.000348033012967)
(3.7346236937e-05 0.000593664647492 0.000356489399713)
(0.000117533498566 0.000595424319766 0.000346740473091)
(0.000204508913857 0.000586550126349 0.000343108421125)
(0.000275490143978 0.000588174847048 0.000348428004573)
(0.000353988634809 0.000592985515149 0.000362482035129)
(0.00042190620819 0.000590469981866 0.000363069900147)
(0.000507003990303 0.000597500568578 0.000349781707577)
(0.000593785775339 0.000586842846003 0.000356124588923)
(0.000670850917714 0.000581207517437 0.000346530979616)
(0.00074606944992 0.000581527255887 0.000360226528906)
(4.23044378133e-05 0.000658352904734 0.000360997868807)
(0.000124107626556 0.000674874512627 0.000342780869223)
(0.00018769535171 0.000659870843407 0.000344490464964)
(0.000277876939563 0.000677033908927 0.000358086189322)
(0.000343968456542 0.000675671274514 0.000349912317156)
(0.000430994564363 0.000671870088988 0.00035513266736)
(0.000518102629878 0.000660819266786 0.000347457397366)
(0.000581035317707 0.000662019385734 0.000353609001751)
(0.000659040404135 0.000675284052726 0.00035983469833)
(0.000751377185625 0.000676929259874 0.000354544703924)
(4.33364314208e-05 0.000741124727833 0.000362093598457)
(0.000125116392213 0.00074876187913 0.000346743253132)
(0.000197972131424 0.000742827599754 0.000346908701947)
(0.000274291902644 0.000748437366348 0.000361213262861)
(0.00035078439795 0.00073932982305 0.000349124145363)
(0.000433297093461 0.000748468279731 0.000349738634932)
(0.000517471277574 0.000744122192836 0.000354504140468)
(0.000595171857888 0.000753894768173 0.00035266524878)
(0.000657324878496 0.000751164171262 0.000346075769609)
(0.000747474010514 0.000754115504162 0.000355554909863)
(4.69539946001e-05 3.76460743641e-05 0.000423500568985)
(0.000116212655283 4.62764499889e-05 0.000426591814288)
(0.000205955662778 3.17763436121e-05 0.000435929821146)
(0.000281077535734 3.37325280459e-05 0.000436914238501)
(0.00036206692508 3.5651696381e-05 0.000426695535986)
(0.000427746437962 3.93865271377e-05 0.000439937745678)
(0.000506726428778 4.89366703791e-05 0.000437582451514)
(0.000590221635957 4.31148242271e-05 0.000441595454561)
(0.000659367981541 3.90179212521e-05 0.000428006769325)
(0.000754847105179 3.95240525343e-05 0.000428347521434)
(3.08651971594e-05 0.000125829195626 0.000423825734661)
(0.000118278221393 0.000124578655866 0.000435337403435)
(0.000203290734605 0.000119556780874 0.00043690305228)
(0.000276455431581 0.000117117712639 0.000437808861532)
(0.000349475861177 0.000110919320909 0.000423622558545)
(0.000423124639935 0.000122046562091 0.000426838013888)
(0.000518975548521 0.000110395121486 0.000431860621834)
(0.000595141893403 0.000122223262353 0.000421634607872)
(0.000672712249 0.000127360181804 0.000426059106761)
(0.000752779791964 0.000119227873173 0.000426058385515)
(4.93854580737e-05 0.00020506886477 0.000438060706952)
(0.000107199646479 0.000199769250692 0.000430599763413)
(0.000191285429406 0.000203714145512 0.000424740530706)
(0.000266769911154 0.000198418086439 0.000434576826955)
(0.000359186443912 0.000191825709409 0.000435161072281)
(0.000436692464165 0.000206103751355 0.000442199466697)
(0.000515653122829 0.000191793941266 0.000430492536382)
(0.000583687808388 0.000193690873224 0.000424469002511)
(0.000671514968834 0.000188970843081 0.000437675005912)
(0.00074391829574 0.000195104164982 0.000441484210009)
(4.35281578846e-05 0.000265155593269 0.000438743834102)
(0.000119701382257 0.00028100970121 0.000432126366625)
(0.000197376587614 0.000280494647262 0.00043394310264)
(0.000267068224702 0.000280780000944 0.000428056564639)
(0.000347018167958 0.000276103345432 0.000427540336727)
(0.000438348078621 0.000280693195928 0.000441539116495)
(0.000501620645101 0.000279413812879 0.000428023870526)
(0.000596999314642 0.000264965622362 0.000428910159187)
(0.000665226227002 0.000279181206089 0.000424726216789)
(0.000751137522423 0.000266005407392 0.000432655157751)
(4.70455916578e-05 0.000355319293269 0.00043503502867)
(0.000122779196968 0.000349170056848 0.000429966172594)
(0.000197894658914 0.000350433622193 0.00042778857733)
(0.000284968567777 0.000342692430229 0.000427035148505)
(0.000345921151826 0.000351519667567 0.000439769808846)
(0.000434516717394 0.000362485966551 0.000423092283929)
(0.000520535694226 0.000360359761804 0.000439924596658)
(0.000587732358155 0.000344815668646 0.000436501641533)
(0.000658770209399 0.000363659767474 0.000424278326522)
(0.000745311977172 0.000352284009384 0.000424101730354)
(3.18205534039e-05 0.000430467300299 0.000428134282057)
(0.000118571963269 0.000433337380978 0.000436655821578)
(0.000198724115758 0.000430980934407 0.000433008288729)
(0.000278469614857 0.000426632018915 0.000436706325771)
(0.000356977517251 0.000434962164992 0.000426810436335)
(0.000427643866251 0.000435310867435 0.000422317872306)
(0.000506658708601 0.000429270302314 0.000423835093768)
(0.000591543026903 0.00044204820429 0.000440721177812)
(0.000658081624421 0.000432463793203 0.000428368991271)
(0.000755951457254 0.000434852621995 0.000438174679673)
(2.92728122346e-05 0.000511601038126 0.000426102120762)
(0.000115413881366 0.000509887416986 0.000435284868422)
(0.000193939815533 0.000517192315764 0.000428805996761)
(0.000269388856088 0.00051000183121 0.000439874613124)
(0.000363246801262 0.000502125897171 0.000424622803382)
(0.000422756445569 0.000502785625454 0.000439981010729)
(0.000514813204847 0.000516316956832 0.000437336996594)
(0.000585079987274 0.000508154778252 0.000428514085039)
(0.000667711331857 0.000501372178572 0.000432245608892)
(0.000744519817909 0.000511826660314 0.000440679103445)
(4.8535979459e-05 0.000586833574113 0.000423163805925)
(0.000127768080126 0.000581615992181 0.000440470972726)
(0.000188158336139 0.000587651428862 0.000427339875345)
(0.000269743245674 0.000589052215587 0.000432266311714)
(0.000359238394876 0.000589438733836 0.000441552953548)
(0.000435399795646 0.000589735867791 0.000438935933766)
(0.000519789501858 0.000582347206586 0.000440841504385)
(0.00059715071409 0.00059077202085 0.000432507668393)
(0.000666501252318 0.000593595552254 0.000433774215224)
(0.000747183246805 0.000597196751123 0.0004401240102)
(4.97735805972e-05 0.000665536610722 0.000436223023823)
(0.000108986325771 0.000677699239493 0.000431872579035)
(0.000193215704281 0.000671404142633 0.000430207814874)
(0.000276099963614 0.000667699544391 0.000436843351028)
(0.000352138692242 0.000657745009323 0.000440664468898)
(0.00043961966721 0.000664951852887 0.000435189974725)
(0.000513984851691 0.000670430854857 0.000436856299325)
(0.000580810056324 0.000662492300748 0.000434272525418)
(0.000674398131277 0.000671557092109 0.000424952699552)
(0.000740246096026 0.00067065034935 0.000438831908689)
(4.05100414388e-05 0.000744446564926 0.000424661370607)
(0.000109296836577 0.000741689217813 0.000436250860349)
(0.000189237742479 0.000744273136979 0.000441575149459)
(0.000281484926199 0.000754129911485 0.000433624655091)
(0.000359052743025 0.000745854101056 0.000429563674106)
(0.000437418393337 0.000746950316511 0.000428063405251)
(0.000513007812516 0.000755558278094 0.000422741090502)
(0.00058623976407 0.000747953467201 0.000440488854706)
(0.000665129094316 0.000739259236137 0.000424823641117)
(0.000745067965567 0.000742431233895 0.000422224049553)
(3.39614099305e-05 4.90205251406e-05 0.00050842680813)
(0.000116050512469 3.34329995273e-05 0.000507868291142)
(0.000197481459611 3.25845695013e-05 0.000512136238911)
(0.000282001632801 3.80632821391e-05 0.000503883270214)
(0.000349957850789 4.89899569916e-05 0.000512343193029)
(0.000438805828225 4.73028564624e-05 0.000511522656446)
(0.000513866517845 3.72476908824e-05 0.000507038347151)
(0.000588264306651 3.69485472159e-05 0.000511505735916)
(0.000677577325125 4.56107123915e-05 0.000518668190188)
(0.000740696284168 3.55042958905e-05 0.000520088410062)
(3.68178165491e-05 0.000119012793734 0.000500476981935)
(0.000126094952187 0.000123710821716 0.000516335123242)
(0.000188276775877 0.00011019918543 0.000508406086726)
(0.000282784400362 0.000108670375605 0.000501078896694)
(0.00035858459124 0.000123785510066 0.000510494818864)
(0.00043140808348 0.000110757103605 0.000503566680102)
(0.000502782016741 0.000112591344887 0.00051790552835)
(0.000590575468194 0.000120145452992 0.000520572521252)
(0.000663538250792 0.000117610757203 0.000516967231137)
(0.000748512954248 0.000113168670396 0.000503681108589)
(3.6315424574e-05 0.00019244193584 0.000502220115873)
(0.000113935169068 0.000190865128911 0.00051726173479)
(0.000189120925376 0.000196475922826 0.000515862341078)
(0.000270518669547 0.000189615884378 0.000512754613797)
(0.000351265395263 0.000196046324473 0.000501595697268)
(0.000442218223128 0.000190251888213 0.000515933669959)
(0.000520557931591 0.000192267373114 0.000520783801717)
(0.000585439018685 0.0001957843264 0.000509784793274)
(0.00066389624449 0.000191432379243 0.000503290878487)
(0.000752355221365 0.000191396333677 0.000508080194405)
(3.69144296633e-05 0.000277995027196 0.000502977253751)
(0.000124875801369 0.000267184743941 0.000513403103154)
(0.000204212938444 0.000270192435758 0.000505606217803)
(0.000281204192667 0.000278413682293 0.00050302452169)
(0.000346541761903 0.000283817173622 0.000517889528727)
(0.000432505804707 0.000280835714941 0.000508091831149)
(0.000499876942767 0.000270200480063 0.000504456958884)
(0.000595052774223 0.000267444973025 0.000508175559112)
(0.000677387340205 0.000270040963528 0.000513198592335)
(0.000749668511005 0.000283579697544 0.000520051941522)
(4.84516629827e-05 0.000354959171771 0.000520173488817)
(0.000108580362107 0.000343276430503 0.000515090655297)
(0.000198632105068 0.000350985098033 0.000514029556497)
(0.00028182014937 0.000363693990256 0.000513998137627)
(0.000357776402171 0.000356493245191 0.000509267245692)
(0.000430893028759 0.00034729317446 0.00051308347397)
(0.000507152745347 0.000343023670811 0.000519382477357)
(0.000590508407739 0.000355980687661 0.000515515701421)
(0.000662400058926 0.000350848443592 0.000520683944474)
(0.000740452373325 0.000350669295239 0.000519021943827)
(3.41404628225e-05 0.000424169921992 0.000503325672875)
(0.000111023997516 0.000425885646369 0.000499926416959)
(0.000186471514119 0.000435474703568 0.000515073444899)
(0.000279533253045 0.000431682304158 0.000509842026725)
(0.000360067216675 0.000434918894753 0.000515863042617)
(0.000440157912415 0.000433138328088 0.000520022326901)
(0.000511472244719 0.000439101298151 0.000513105307773)
(0.000598430168903 0.000434290866368 0.000503863142084)
(0.000669759211608 0.000426261485112 0.000517476173209)
(0.0007562978541 0.000438575478342 0.000510044753369)
(3.79302812344e-05 0.000517921428665 0.000502258376087)
(0.000121866232476 0.000504242759898 0.000502178207807)
(0.000204493590731 0.000502337583775 0.000506313870942)
(0.00027397146688 0.000504873951215 0.000517274033534)
(0.000363626389198 0.000500444864623 0.000518660050553)
(0.000430167740374 0.000513196682354 0.000509568384438)
(0.000508726467407 0.000508967745481 0.000515806992904)
(0.000582795249768 0.00052004755708 0.000516629375049)
(0.000659929356964 0.00050000426103 0.000506681890733)
(0.000739862323129 0.000502145459988 0.000515446822771)
(3.05156803528e-05 0.000585084743521 0.000505744415885)
(0.000123639071869 0.000597867119643 0.000510260781319)
(0.000193931241467 0.000585035980577 0.000510650932156)
(0.000270690944924 0.000593235408903 0.000500655318271)
(0.000361310269244 0.000595515429974 0.000505057361882)
(0.000421392118864 0.000593680585287 0.000503925008158)
(0.000508949688838 0.000585286122595 0.000511148222887)
(0.000597239040798 0.000585940533336 0.000515536938267)
(0.000668888311559 0.000580493806054 0.000514596730613)
(0.000752291652553 0.000587810114459 0.000508236165565)
(4.48243516448e-05 0.000671366524722 0.000504950846077)
(0.000125834689839 0.000675732532797 0.000516222696255)
(0.000191174541339 0.000676766845083 0.000515332415)
(0.000264783974995 0.000674615259072 0.000510390398182)
(0.000342846158986 0.000660104135847 0.000504626498812)
(0.000435200852107 0.000659194110119 0.000504464235901)
(0.000501789310332 0.000667606601505 0.000503563286205)
(0.000583142465055 0.000675515498186 0.000516857620175)
(0.000661927735345 0.000676435405315 0.000507073883057)
(0.000738351548242 0.000670977899703 0.000512561684674)
(3.97566178894e-05 0.000755701131468 0.000506616187239)
(0.000119960461069 0.000739711348202 0.000514652868982)
(0.000199998604991 0.000742675873284 0.000499685198715)
(0.000271390993715 0.000738931588955 0.000512859918297)
(0.000347956373698 0.000738713757538 0.000508832974729)
(0.000432897989585 0.000736510930079 0.000519587919918)
(0.000503989395058 0.000743278722855 0.000506009222144)
(0.000598481003495 0.000753465797149 0.000503190845539)
(0.000675402210948 0.000747655960906 0.000506572679885)
(0.000755484678583 0.000750947078202 0.000503976545855)
(4.95409309442e-05 4.23134886878e-05 0.000592162414172)
(0.000117128317727 3.70181437092e-05 0.000578304553652)
(0.000201770794141 4.14600836168e-05 0.000593446987476)
(0.000272398187335 4.49028881128e-05 0.000581277299593)
(0.000363832421451 4.51378061933e-05 0.000586027054671)
(0.000434822773018 3.17921901884e-05 0.00059092549907)
(0.000519137002352 4.46721630648e-05 0.000594206718565)
(0.000594394922942 3.19573095764e-05 0.000584127933646)
(0.000671908103362 3.11589536818e-05 0.000584788979083)
(0.000735985536399 3.27438179026e-05 0.000592615342618)
(4.62213879142e-05 0.000128065385812 0.000596874089176)
(0.00012319677676 0.000125293959023 0.000596599382146)
(0.000199217896853 0.000117962199775 0.000592749276812)
(0.000279592671862 0.000108644562104 0.000595997476536)
(0.000352911390939 0.000118834246055 0.000587197221164)
(0.000424057496098 0.000125534188439 0.000591769651672)
(0.000504879380024 0.000114717646803 0.000588371252182)
(0.00058232485264 0.000119757737642 0.000587908841873)
(0.0006730899151 0.00012399148266 0.000593583941865)
(0.000745437654939 0.000118878748431 0.00058443942704)
(3.54956914477e-05 0.000187714289971 0.000597198920005)
(0.000114677019756 0.000194153648434 0.000588099790511)
(0.000205470769633 0.00020007782689 0.00059557350834)
(0.000267970514179 0.000189644349819 0.00058074043564)
(0.000363617914602 0.000199303529341 0.000587818175022)
(0.00043217713223 0.000200102184448 0.000595557629158)
(0.000513151129879 0.000201897464712 0.00057865545047)
(0.000581700026952 0.000206263051679 0.000596492170844)
(0.000665777292219 0.000194079363771 0.000581335064518)
(0.000737569172887 0.000194980942346 0.000580555476087)
(4.56298566989e-05 0.000276864547088 0.000585935644944)
(0.000125847131189 0.000268523405466 0.00058080022625)
(0.000189785101304 0.00028307979924 0.00058123433487)
(0.00026578342687 0.000277945610653 0.00059243715705)
(0.000348230267542 0.000273372740642 0.00058700588273)
(0.000438422096216 0.000278026605217 0.000597750618422)
(0.000520426523266 0.000267664659544 0.000585995225891)
(0.000591164216012 0.00028382198917 0.000581915640338)
(0.000660711793811 0.000264190908454 0.000592948066036)
(0.000751635205721 0.000264478196986 0.000578497429099)
(4.45615217523e-05 0.000353986480101 0.000583746044159)
(0.000119369744367 0.000350016083748 0.000594066977417)
(0.000204567876961 0.000342681322716 0.000593799206425)
(0.000280365430589 0.000348401689894 0.000592899188112)
(0.000350740653912 0.000348920848406 0.000590397311312)
(0.000437240614301 0.000361918136704 0.000597119174909)
(0.000502452929395 0.00035755747544 0.000590143448488)
(0.000594334593842 0.000360150357618 0.000580459180307)
(0.000671451328374 0.000347239395029 0.000586543866734)
(0.000736574899146 0.000362710636441 0.000590630027666)
(4.25764448825e-05 0.000430195377323 0.000585249321205)
(0.000112034448274 0.000426333382734 0.000586629706325)
(0.000203250199252 0.000424006505593 0.00059778523637)
(0.000264649670759 0.000442101872593 0.000595397492151)
(0.00035978540971 0.000437774631206 0.000593734369659)
(0.000440645797053 0.000424227115596 0.000593613291308)
(0.000500764464692 0.000428740292843 0.000593582955625)
(0.000590304624605 0.000431851151877 0.000579311237069)
(0.000672035445193 0.000425505452439 0.000588961794849)
(0.000755841031977 0.000431378307712 0.000592516305916)
(3.66339385605e-05 0.000513197097063 0.000580472130274)
(0.000109343997584 0.000502713280715 0.000593115085865)
(0.000189858686462 0.00050379023962 0.000591667053907)
(0.000271156987884 0.000512768615268 0.000581562058711)
(0.000345197857217 0.000510479279444 0.000583346865714)
(0.000424729490334 0.000500551143609 0.000598212076477)
(0.000511790231757 0.00051398300948 0.000597409156788)
(0.00059848323109 0.000513930483398 0.000599049011319)
(0.000667327924794 0.000508253760058 0.00058171952786)
(0.000743842412983 0.000512314253932 0.000585354195626)
(4.86716595708e-05 0.00058044003253 0.00059759242095)
(0.000119194990672 0.000585680116237 0.000582999339481)
(0.000188156228075 0.00058054228509 0.000578988772141)
(0.000269582206114 0.000596604727644 0.000580637821733)
(0.000343225836894 0.00058875867878 0.00058523726654)
(0.000428922928996 0.000578989508598 0.000587481884297)
(0.000507840028677 0.000599105077223 0.0005984993566)
(0.000586714948269 0.000597726759932 0.00059049659666)
(0.000660221778954 0.000598830238029 0.000586537086859)
(0.000745599282776 0.000593087108827 0.000583041419038)
(3.88929212643e-05 0.000661755434822 0.000583411489727)
(0.00011464631024 0.000676022296806 0.000591994420734)
(0.000193950547999 0.000663858674713 0.00058689206024)
(0.000267257912839 0.000675250296459 0.000586016574586)
(0.000352978892785 0.00065879113367 0.000597411989554)
(0.000432045329517 0.000677751222447 0.000580460674039)
(0.00050522614566 0.000669687971179 0.00058674473907)
(0.000595191695417 0.000669239564304 0.000596524581356)
(0.000673534429224 0.000657152302261 0.000598069876304)
(0.000738270145483 0.000664019747708 0.000589584326207)
(4.73899807242e-05 0.000741543725545 0.000578783160199)
(0.000109496776547 0.000752026238463 0.000582424054501)
(0.000199847243281 0.000749646125185 0.000598433803965)
(0.00028534175239 0.000740171600074 0.000596050548571)
(0.00035100926979 0.00073982145857 0.00058534953411)
(0.000425491350817 0.000756322765573 0.000578424624581)
(0.000517729477133 0.000750100108675 0.000590100315428)
(0.000582883890613 0.000741943853696 0.000598268011956)
(0.000674027530644 0.00073775267139 0.000587477856246)
(0.000755245105141 0.000735847089129 0.000589408170013)
(4.40934627181e-05 3.42640678582e-05 0.000665343247091)
(0.00012687548249 4.1668830564e-05 0.000674670184532)
(0.000200432985613 3.34713654848e-05 0.000659907474125)
(0.000277132886409 3.54682101138e-05 0.000658128128181)
(0.000343858884463 4.57990658902e-05 0.000671990118942)
(0.000439174890757 2.89356728957e-05 0.000669363371099)
(0.000502824081239 4.74150132446e-05 0.000669845311089)
(0.000578972017548 4.70648834357e-05 0.000661926063328)
(0.000676791018214 3.56853750488e-05 0.000673176394464)
(0.000745888632087 3.8715978842e-05 0.000663049651506)
(4.97240232929e-05 0.000125780338193 0.000677782415161)
(0.00010905023109 0.000120035454826 0.000667202111178)
(0.000191865554936 0.000120254794093 0.000676986803549)
(0.000279929122025 0.000120856359948 0.000664304086061)
(0.000354947425339 0.000107257807626 0.000662097912159)
(0.000434733143127 0.000120907831298 0.000659329371021)
(0.000507037277607 0.000127695427366 0.000661261239573)
(0.000581545459672 0.000117852866105 0.000664406671184)
(0.000667702472376 0.000108567255482 0.000671047891226)
(0.000743728762574 0.00010911699841 0.000667733383654)
(4.11617025826e-05 0.000192314185584 0.000661652930566)
(0.000125930842848 0.000199157822843 0.000663202884099)
(0.00020223744638 0.000194254635697 0.000666758492175)
(0.000267236882263 0.000192083959789 0.000664385849304)
(0.000360089057281 0.000190377528221 0.000667682563009)
(0.0004263326914 0.000201419182401 0.000659809466727)
(0.000510046675744 0.000191141777339 0.00067171904227)
(0.000596829177317 0.000206436006406 0.000671256346774)
(0.000656763047725 0.000201317299451 0.000672137797364)
(0.000752459411119 0.000201292663 0.000659846369182)
(4.84159752901e-05 0.000269657684479 0.000673798321244)
(0.000109891966262 0.000265894026634 0.000662657428941)
(0.000187767675907 0.000270891894099 0.000659996268972)
(0.00028262684488 0.000280645156237 0.000675135927675)
(0.000355046919522 0.000269146503035 0.000657520532758)
(0.000423139786616 0.000269897345889 0.000662515755754)
(0.00050577617274 0.000281828962929 0.000671986680736)
(0.000590282477195 0.000273206850447 0.000661748577372)
(0.000669266678433 0.000269747959257 0.000673802146675)
(0.00075460210662 0.000275636031516 0.000657513720885)
(4.31725164704e-05 0.00034934614464 0.000676304749091)
(0.00010879884311 0.000357666041437 0.000672619622321)
(0.000186573115653 0.000360333971283 0.000661544247695)
(0.000280758302049 0.000360192798173 0.000668404455852)
(0.000355394177387 0.000362424595962 0.000659986631463)
(0.000432118162689 0.000350524083611 0.000657080185291)
(0.000501815815408 0.00034993834248 0.000674793670363)
(0.000596186743679 0.000349348082191 0.000671954429558)
(0.00066907868436 0.000360260403577 0.000672975831113)
(0.000741889086193 0.000361118582009 0.000671153657692)
(3.12603139187e-05 0.000422986232307 0.00065796230018)
(0.00012409466901 0.000431749558132 0.000658689707351)
(0.000199331239051 0.000435097369027 0.000675286727078)
(0.000277375447728 0.000442336391085 0.000668355453251)
(0.00035235912847 0.000438396384149 0.000662250596356)
(0.000426392055759 0.000436487019555 0.000674430411528)
(0.000514086837451 0.000425756080779 0.000668483497368)
(0.000579996814691 0.000439361426978 0.000677186947249)
(0.000657045505218 0.000429422612574 0.000674955781023)
(0.000753142959802 0.000428916033772 0.000661761245959)
(4.08613406889e-05 0.00050783694841 0.000656970735356)
(0.000118075344118 0.000507520197815 0.000664567845548)
(0.000189327087711 0.00051233358857 0.000662169475732)
(0.00028523386172 0.000513127658655 0.000673356451823)
(0.000359729323355 0.000503862958239 0.000675129586276)
(0.000438317559521 0.000512273615228 0.000674780397358)
(0.000508320025745 0.00050488069967 0.000663292693488)
(0.000594849357459 0.000512518746698 0.000667599410029)
(0.000674575390393 0.000501789872692 0.000657209223677)
(0.000747550657745 0.000514346405108 0.000674670164003)
(3.85793298968e-05 0.000592064927767 0.000664342000208)
(0.000110132474187 0.000595756195638 0.000676542336057)
(0.000188516891458 0.000591254985747 0.000670350423276)
(0.000278816663694 0.000587517708789 0.00066361397891)
(0.000350812637393 0.000584092201746 0.000668891959659)
(0.00042387315164 0.000588407441675 0.00066850199464)
(0.000518408314707 0.000589507068336 0.000663625353514)
(0.000591077285957 0.000579330442339 0.000663153967398)
(0.000667741087604 0.000591262868823 0.000661080061439)
(0.000752084375871 0.000584413147506 0.000677536490943)
(4.87987412598e-05 0.000664439008219 0.00065730910399)
(0.000119954643861 0.000674998823225 0.000667652110426)
(0.000204262302428 0.000665971509843 0.000668061921395)
(0.000272684893736 0.000658401014254 0.000661010612606)
(0.00036108232689 0.000667063632725 0.000671613124194)
(0.000435608572498 0.00066039252092 0.000657522087856)
(0.000502811031091 0.00065714787214 0.000661560693569)
(0.00059010775004 0.000664860850762 0.000661277722604)
(0.00067338347342 0.000662511192439 0.000675868310713)
(0.000738346922497 0.000661068901448 0.000660973622241)
(3.25837307863e-05 0.000738059331665 0.000677380918989)
(0.000109782144803 0.000754776202751 0.000663100110683)
(0.000187971221291 0.000742736337632 0.000666939491969)
(0.000277951113573 0.000755823384113 0.000667932994185)
(0.000355552268278 0.000749710776674 0.000660644365173)
(0.000430387891513 0.000751385892663 0.000660516304107)
(0.000503218878787 0.000749236742433 0.000668552751182)
(0.000582799126507 0.000742296188409 0.000660685285863)
(0.000660250873628 0.000748162096342 0.000657993852752)
(0.000741925676356 0.000752912728559 0.000673858334311)
(3.31891790288e-05 3.42846434116e-05 0.000740955674517)
(0.000115774375465 3.302086449e-05 0.000743220335181)
(0.000190171782917 4.07376287795e-05 0.000743651686179)
(0.000270756976141 3.08326802778e-05 0.000736775766453)
(0.00035867929068 3.39652530384e-05 0.000737795549065)
(0.000428673688333 4.08688213185e-05 0.000755826694182)
(0.000504694888855 4.94554140676e-05 0.000743585204242)
(0.00058026588578 4.86462913018e-05 0.000736780865162)
(0.000658167030465 3.20944159713e-05 0.000755472404533)
(0.000736915628635 3.25612387399e-05 0.000743013538112)
(4.8029136495e-05 0.000126995345887 0.000751465116675)
(0.00011545125297 0.000122927396578 0.000754442348708)
(0.000199605503684 0.000124320623346 0.000742222820655)
(0.000265118769043 0.000116672174905 0.000753394128137)
(0.000346456765021 0.000109892146622 0.000744659404918)
(0.000427580075586 0.000107262088524 0.000752053919267)
(0.000514956082414 0.000127651454936 0.000735620149269)
(0.000580718631522 0.000116160489358 0.000750692568784)
(0.000662319885276 0.000109593129109 0.000737741443689)
(0.000743226138234 0.00011461257675 0.000754547961528)
(3.81936729793e-05 0.000195341568306 0.00075518822426)
(0.000118551943837 0.000186978048896 0.000735790586072)
(0.000194864988274 0.000190632797267 0.000748812768222)
(0.00027580591076 0.000191604894756 0.000735844922338)
(0.000349023708799 0.000200442045374 0.000747053330091)
(0.000423905472094 0.000187071215091 0.000748591433361)
(0.000520579347995 0.000204776997055 0.000751564709905)
(0.000578864875854 0.000201143668258 0.000740899157888)
(0.000675848262682 0.000192700253013 0.00074309051621)
(0.000749971624648 0.000187038078358 0.000743935286744)
(3.20841941023e-05 0.000277719472899 0.00074069947441)
(0.000115453957832 0.000282410832636 0.000746489432753)
(0.000202998164132 0.000280379711776 0.000740393265676)
(0.000279951717632 0.000283875219409 0.000751402304918)
(0.000358028153881 0.000267718017596 0.000746041795694)
(0.000422793886902 0.00027487702094 0.000737061423006)
(0.000517615914496 0.0002739999038 0.000743787381848)
(0.000593822508012 0.000276215988986 0.000740929021944)
(0.000670340247591 0.000274772626554 0.000743241359896)
(0.000752431903407 0.000277778192497 0.000745272270543)
(4.96040607939e-05 0.000355680177668 0.000748335754708)
(0.000116768776574 0.000350704920882 0.000744390208963)
(0.00019147419291 0.000361564480522 0.000737199578487)
(0.000284292188533 0.000357437177976 0.000739233041842)
(0.000345238820143 0.000349541901376 0.000743717473783)
(0.000441075773948 0.000354083821063 0.000746254255872)
(0.000519918837831 0.000357152826991 0.000751350051509)
(0.000583431641179 0.000354381112711 0.000738138797205)
(0.000660961176153 0.00035616242328 0.000739118985984)
(0.000746534899279 0.000350587254228 0.00073937912606)
(2.88131013977e-05 0.000427794343755 0.000744418984326)
(0.00011527308724 0.000433902530175 0.000756011640128)
(0.000203691091311 0.000429643704582 0.00075048628596)
(0.000268606921809 0.000439792740635 0.000738771570267)
(0.000349334021485 0.000438295741439 0.000755816561401)
(0.000421185252507 0.000441260198814 0.000736681087102)
(0.00051560203714 0.000428938343101 0.000740062577567)
(0.000590184936735 0.000436546762273 0.000742722009797)
(0.000661798926838 0.000424014777969 0.000751461428586)
(0.00075233587142 0.000430604958169 0.000745817992122)
(4.12320310103e-05 0.000501407081934 0.000741318286987)
(0.000119920793327 0.000507086861715 0.000737616906924)
(0.000185958279252 0.000510045555305 0.000744765005215)
(0.000269391085033 0.000500506579538 0.000750035586414)
(0.000357997746388 0.000500438619304 0.000740090922266)
(0.000424270553848 0.000508415882413 0.000747802641841)
(0.000513137852107 0.000515796301953 0.000746693096058)
(0.00059221578284 0.000510325500246 0.00075251060502)
(0.000667930937777 0.00051212923479 0.00074225235451)
(0.000754527842749 0.000519606785187 0.000749236053471)
(4.26881456844e-05 0.000586840650892 0.000740039180219)
(0.00011408019968 0.000588353293481 0.000755024359802)
(0.000189957627074 0.000584261968032 0.000755015283314)
(0.000273867413155 0.000594622212471 0.000750356118954)
(0.000350298643146 0.000580498746053 0.000736695301523)
(0.000438282644476 0.000597671744673 0.00074107707305)
(0.000514694776167 0.000588913616128 0.000749542601701)
(0.000586761483144 0.000594159356776 0.000756201780686)
(0.000667276557509 0.000595205446164 0.000740366974475)
(0.000746622465152 0.00059775416342 0.000740892757502)
(3.08258364537e-05 0.000662972404918 0.000742327881118)
(0.000123414778949 0.000660571675433 0.00074081179679)
(0.000202262445339 0.000665185850586 0.000756276537272)
(0.000264802332878 0.00065944431994 0.000739666355398)
(0.00036000531843 0.000668392672557 0.000753387625802)
(0.000428148323156 0.000674141281968 0.000736095103137)
(0.00051074862994 0.000676057352314 0.000740818045587)
(0.000581173352603 0.0006634021582 0.000755787003578)
(0.000677079261378 0.000670752167473 0.000755825636941)
(0.000741191277364 0.00067159529122 0.000746797498115)
(3.33838561815e-05 0.000738247492396 0.000748689821131)
(0.000116928316034 0.000744423854908 0.000742721258715)
(0.000190118755011 0.000755077920664 0.000747804274895)
(0.000266825493592 0.000745419281849 0.000741663168654)
(0.000350891525652 0.000752177290213 0.000755756743945)
(0.000432082699556 0.00073880323861 0.000751206479515)
(0.000500131577362 0.000748598113766 0.000744537164596)
(0.000585214408426 0.00073618962719 0.000741059076682)
(0.00065831572585 0.000751690655515 0.000741871854798)
(0.000754074599341 0.000750931200561 0.000751582566222)
)
